23.06,20.74,23.37,23.91,23.82,23.47,23.33,24.65,22.95,20.14,20.61,22.48,23.76,21.03,21.02,23.83,21.69,24.95,22.74,23.49
20.3,22.33,23.36,23.92,20.17,20.47,24.06,20.79,23.32,20.91,21.1,21.45,20.3,21.88,21.9,24.21,22.26,22.53,20.91,23.68
22.12,23.3,21.48,21.06,22.98,20.12,24.97,22.06,23.65,21.14,20.86,20.78,23.67,22.21,23.42,23.21,24.6,22.01,20.19
22.22,20.91,23.07,24.77,20.59,24.81,22.41,23.3,23.58,21.18,22.8,20.34,22.59,24.39,24.33,22.81,23.26,22.77,21.06
24.77,21.46,23.89,21.3,24.25,24.86,20.37,22.16,20.14,23.35,22.67,23.48,24.07,22.07,23.55,21.38,24.73,24.27,22.04
23.05,20.92,24.62,21.48,23.54,24.09,24.14,22.44,21.92,24.89,23.21,23.45,24.71,22.03,22.12,24.78,20.3,22.45,20.4
23.73,22.11,22.32,24.75,21.46,23.05,22.24,21.52,22.72,20.22,23.5,22.28,23.04,23.61,20.44,22.97,20,20.69,23.21
23.64,21.26,20.09,24.03,23.67,21.56,21.33,21.57,24.29,24.77,22.91,24.81,22.81,24.09,22.75,23.26,21.6,24.47,22.38
24.22,22.54,22.17,22.97,23.53,22.3,22.08,20.24,21.82,22.02,23.89,20.29,23.1,23.34,20.55,23.48,22.2,22.55,20.98,22.98
20.71,24.03,20.07,21.39,24.72,24.21,24.22,20.26,21.83,22.2,21.43,24.11,21.26,22.72,22.2,23.07,21.79,23.36,23.6,20.57
21.43,21.25,20.31,20.15,20.78,22.53,22.52,22.82,22.75,23.08,23.35,24.98,23.05,24.14,24.02,24.45,23.5,23.22,22.4
22.74,23.99,23.01,22.27,22.18,22.88,22.12,23.56,24.13,23.66,24.79,22.21,24.12,24.2,23.09,22.54,23.41,23.36,22.86
24.81,23.65,24.3,24.23,22.85,23.33,22.01,22.67,23.07,24.78,23.22,24.32,24.81,24.31,22.7,22.44,23.83,23.88,22.13
22.06,23.38,23.89,23.57,22.55,22.18,24.28,22.51,23.15,22.04,23.82,23.32,24.06,23.98,22.5,24.82,22.7,23,22.86,24.71
23.52,22.05,24.78,22.32,24.7,24.55,22.69,22.19,22.67,24.76,24.22,23,24.33,23.61,24.46,22.85,22.5,22.82,22.88,24.23,23.4
23.95,23.21,23.71,24.63,24.3,23.53,22.8,24.14,23.21,24.11,25.54,25.82,24.58,23.97,24.68,25.74,25.58,25.21,25.98,23
94,23.38,25.59,22.24,22.35,25.88,22.09,25.06,24.71,25.94,25.89,22.23,22.25,24.93,24.38,25.42,25.41,22.97,24.93,23.06
23.25,23.58,25.83,24.07,25.35,22.61,25.25,24.32,22.34,23.03,24.67,22.96,22.77,23.29,22.21,22.55,23.71,23,23.26,24.28
25.21,22.25,24.69,22.66,22.38,24.29,23.67,23.49,24.38,25.57,25.09,25.58,24.62,22.44,24.37,25.13,25.32,25.86,25.86
23.43,23.51,22.76,22.75,22.89,25.34,23.89,23.3,23.93,23.39,23.53,22.6,24.44,22.28,22.68,24.4,24.28,25.49,24.61,25.89
25.25,24.05,24.32,22.69,25.32,24.64,22.11,22.03,24.58,24.34,28.76,25.12,28.85,27.32,25.95,28.94,28.66,29.36,26.55
28.97,25.29,27.32,29.69,28.52,30,28.66,26.67,26.68,27.75,26.44,27.59,26.26,27.11,25.94,29.8,27.37,27.9,29.62,27.01
26.36,27.15,27.51,27.51,27.18,25.02,26.13,29.86,25.12,26.19,29.43,25.68,25.66,29.62,29.59,29.94,27.43,29.51,25.6,28.89
28.19,26.98,29.69,28.35,26.66,27.94,27.8,27.69,25.41,28.78,27.89,29.59,29.64,26.43,28.3,25.29,28.01,29.03,26.5,25.01
28.37,29.47,28.17,26.75,29.49,28.64,29.45,29.68,27.31,29.68,27.03,25.02,29.77,27.93,25.08,29.35,25.48,27.32,25.55
29.37,26.37,26.67,25.02,25.74,29.5,28.25,28.8,29.1,27.07,29.97,29.75,25.69,25.63,26.54,25.04,26.61,25.37,26.05
25.37,26.91,26.53,25.26,25.04,26.91,26.27,26.94,25.82,25.95,26.04,26.19,25.42,26.87,26.89,25.47,25.07,26.4,25.28,25.59
26.93,26.71,25.09,25.48,26.44,25.62,25.98,26.33,25.49,26.07,26.82,25.8,26.27,26.61,26.42,26.26,25.71,26.7,25.95,26.74
26.56,25.97,26.08,26.62,26.44,25.88,26.69,26.59,25.39,25.54,26.55,25.62,26.36,26.12,25.68,26.77,26.45,26.24,26.91
25.49,26.06,26.32,26.01,25.6,25.66,26.36,26.79,25.56,26.99,25.39,26.4,25.48,26.4,25.02,25.72,25.28,26.16,25.82
26.15,25.81,26.59,26.35,26.17,25.89,25.63,25.39,26.91,26.09,26.51,25.21,26.16,25.2,26.28,35.44,31.36,30.2,35.31
39.9,32.24,38.75,37.15,32.18,35.9,31.87,38.24,39.6,30.74,35.29,37.36,36.66,37.99,38.69,32.04,35.15,31.92,30.4
31.8,32,37.01,35.66,34.65,36.98,36.32,34.68,36.6,35.54,39.99,34.74,30.67,37.92,33.56,39.06,31.41,37.8,39.24,32.21
34.17,33.44,38.89,39.49,30.17,39.5,35.02,35.55,39.48,37.64,37.3,30.33,39.72,30.76,35.51,30.17,36.15,35.25,31.33
36.82,31.47,35.34,35.83,36.97,37.46,31.78,32.1,30.71,39.06,32.07,32.52,35.32,32.76,37.13,32.54,34.36,39.21,31.12
31.22,38.88,32.74,32.32,38.98,34.87,36.15,35.86,39.1,39.18,36.55,34.62,39.21,30.73,39.77,36.54,30.78,37.49,38.65
39.19,38.52,35,31.44,34.54,36.81,39.06,38.62,39.58,35.72,37.71,30.45,34.92,35.98,36.71,38.67,37.32,38.91,36.56
35.92,37.08,34.3,39.51,31.51,39.67,37.85,39.05,34.64,34.92,38.77,31.98,32.08,37.43,31.7,38.66,33.87,36.53,33.86
36.05,39.05,36.62,31.56,30.44,32.1,38.8,31.46,32.76,35.54,30.1,34.39,33.97,31.23,36.72,35.5,30.04,30.99,38.75
38.35,33.18,33.72,31.91,33.9,32.71,35.69,37.6,37.43,38.69,38.93,37.7,32.33,33.83,33.3,37.69,30.38,36.71,35.62
36.28,39.39,35.52,39.87,36.36,33.9,37.33,32.07,31.98,33.27,31.83,33.72,30.53,35.3,36.1,33.63,32.42,30.15,38,37.63
32.41,33.3,33.05,39.92,25.46,25.15,26.37,28.58,29.16,27.74,26.3,29.6,27.3,27.86,29.2,27.12,25.72,28.11,26.59
29.16,29.53,28.02,25.58,28.15,29.61,27.61,26.95,27.47,28.8,28.4,26.26,29.78,25.32,27.28,28.7,25.64,27.18,27.85
29.14,25.51,25.98,25.48,26.1,28.85,29.25,29.16,26.15,28.46,26.18,25.07,28.6,26.92,27.36,27.02,29.25,29.02,25.98,27.2
27.61,26.58,26.48,28.13,26.63,28.65,29.33,28.51,25.05,29.8,25.35,28.47,28.63,25.63,26.12,26.79,25.88,28.61,25.82,25.15
29.5,26.15,28.97,25.09,28.58,28.18,29.85,27.06,26.75,25.21,29.39,26.84,27.84,25.79,29.98,27.57,26.1,25.96,25.69,27.51
29.58,28.4,27.94,27.61,29.09,28.71,64.78,50.27,69.4,54.6,96.95,71.61,73.58,68.22,55.48,90.85,95.66,60.15,87.24,54.3
70.13,92.72,84.9,70.64,62.34,56.12,22.87,21.85,24.45,21.11,24.39,22.2,21.88,21.47,22.95,24.83,22.22,23.68,24.32
24.89,22.49,23.3,20.53,24.31,23.17,20.23,41.8,41.93,43.75,40.26,40.79,40.52,42.91,41.78,40.98,41.58,43.08,44.95
43.68,42.34,44.5,40.28,43.09,43.01,40.53,41.22,33.34,34.47,30.48,32.76,34.28,31.91,30.84,31.53,33.35,33.55,31.03
34.9,34.6,31.57,31.82,30.43,31.14,34.92,34.92,31.56,31.43,33.41,32.42,31.58,31.21,31.08,31.84,30.99,32.73,31.5,33.21
33.02,33.12,34.33,30.25,32.85,34.54,30.68,32.74,30.37,34.36,34.88,32.26,33.94,31.2,34.28,33.22,30.11,33.54,30.67
33.71,34.18,31.93,30.89,30.61,30.4,30.09,30.79,31.03,31.52,30.23,32.73,33.83,33.24,30.9,32.22,32.79,33.76,33.18,32.58
34.54,31.39,31.31,33.54,31.19,34.73,34.73,31.58,31.05,30.67,34.97,34.19,33.82,30.49,34.19,34.13,32.87,32.93,34.51,33
34.04,31.58,31.98,34.71,31.84,32.24,30.76,31.83,31.08,32.4,30.2,33.83,31.15,32.41,32.86,33.83,32.68,33.29,33.37
32.71,33.62,32.22,32.48,30.31,30.17,31.53,33.84,33.15,32.31,30.38,30.34,33.34,30.4,33.16,31.76,32.41,32.73,32.74,32.6
31.92,33.59,33.08,33.79,31.02,33.58,33.79,32.14,31.62,33.55,32.92,33.02,33.67,30.8,31.47,33.42,30.26,32.44,31.88
30.75,31.2,32.95,30.43,32.67,32.36,32.38,33.97,33.32,30.78,33.14,32.34,31.88,32.59,33.87,31.22,33.96,31.04,33.34
33.02,33.79,33.63,33.03,32.08,33.62,32.41,30.37,30.29,32.4,32.29,31.27,33.09,32.89,33.6,33.44,31.54,30.59,31.76,33.4
32.08,31.58,31.7,33.77,32.37,32.51,30.9,30.45,32.67,33.08,30.06,32.77,32.73,16.98,16.17,16.35,16.91,15.86,16.93,16.16
16.57,15.4,16.88,16.15,16.61,15.34,16.5,16.43,16.16,16.12,15.09,16.25,15.05,16.73,16.66,16.29,15.62,15.06,16.38
15.97,15.6,16.78,15.56,16.85,15.36,15.16,16.12,16.71,16.87,15.76,16.73,15.15,16.57,16.2,16.06,16.8,15.28,15.62,16.02
16.42,15.13,16.77,16.66,16.61,15.59,15.9,16.18,15.64,15.29,15.1,16.07,16.23,15,16.47,16.53,16.83,16.54,16.3,16.65
16.7,16.54,16.03,16.35,16.8,16.05,15.1,15.15,16.64,16.38,15.85,15.6,16.33,16.5,16.19,15.83,16.91,16.55,16.63,16.79
16.67,15.95,15.3,16.08,16.89,15.85,15.42,15.38,15.02,16.74,15.36,15.24,15.91,16.99,17.62,15.81,16.04,18.14,15.73
16.44,19.85,17.52,19.4,16.62,17.16,17.93,16.12,16.6,18.9,17.33,15.44,17.61,19.58,15.06,16.48,18.97,19.26,17.67,17.88
15.41,16.46,19.36,18.15,19.72,19.19,15.54,16.09,17.88,18.8,18.89,15.59,16.85,17.27,18.83,18.27,18.28,16.01,17.71,18
15.82,18.64,17.01,16.86,16.56,17.59,16.32,16.73,15.25,19.65,19.71,18.92,15.12,17,15.79,16.35,15.18,17.41,17.9,19.42
19.93,17.57,17.54,18.39,19.23,15.94,18.21,15.71,16.69,18.6,16.13,15.86,19.26,19.83,16.17,17.33,19.86,19.99,19.03
17.82,19.72,18.98,16.8,16.25,17.34,16.28,17.59,16.46,19.68,15.95,18.69,15.47,16.87,18.96,17.65
20.32,20.37,20.63,20.51,20.75,20.02,20.41,20.11,20.71,20.6,20.94,20.85,20.65,20.01,20.76,20.62,20.44,20.21,20.26,20.58
20.11,20.62,20.2,20.17,20.47,20.03,20.02,20.34,20.63,20.89,20.79,20.14,20.23,20.46,20.7,20.01,20.31,20.38,20.88
20.68,20.8,20.21,20.37,20.44,20.28,20.2,20.06,21,20.84,20.79,20.08,20.35,20.04,20.53,20.33,20.7,20.2,20.85,20.52
20.25,20.88,20.88,20.63,20.52,20.88,20.09,20.23,20.04,20.09,20.88,20.17,20.6,20.76,20.56,20.99,20.07,20.07,20.69
20.95,20.33,20.87,20.82,20.02,20.91,20.14,20.56,20.74,20.85,20.07,20.38,20.19,20.99,20.3,20.85,20.29,20.7,20.77
20.99,20.61,20.83,20.13,20.76,20.73,20.21,20.96,20.59,20.33,20.95,20.97,20.98,20.56,20.36,20.53,20.53,20.02,20.68
20.17,20.78,20.74,20.82,20.22,20.01,20.41,20.38,20.12,20.92,20.66,20.32,20.53,20.54,20.52,20.86,20.13,20.27,20.61
20.28,20.56,20.21,20.21,20.04,20.88,20.81,20.77,20.05,20.45,20.95,20.92,20.54,20.11,20.2,20.39,20.58,20.07,20.6,20.38
20.47,20.67,20.95,20.37,20.92,20.57,20.27,20.55,20.98,20.22,20.41,20.57,20.22,20.88,20.96,20.18,20.78,20.59,20.41
20.97,20.68,20.55,20.64,20.2,20.51,20.15,20.67,20.97,20.34,20.55,20.62,20.4,20.82,20.7,20.71,20.51,20.15,20.87
20.54,20.43,20.43,20.74,20.99,20.46,20.79,20.08,20.84,20.28,20.03,20.68,20,20.87,20.58,20.9,20.99,20.51,20.04,20.16
20.29,20.47,20.58,20.62,20.75,20.51,20.36,20.58,20.76,20.69,20.54,20.84,20.25,20.3,20.61,20.73,20.21,20.25
20.25,20.5,20.06,20.87,20.37,20.01,20.74,20.61,20.39,20.04,20.79,20.75,20.73,20.02,20.86,20.2,20.3,20.89,20.37
20.33,20.71,20.73,20.9,20.33,20.99,20.46,20.18,20.03,20.82,20.19,20.43,20.46,20.92,20.09,20.9,20.38,20,20.94,20.83
20.71,20.54,20.47,20.44,20.22,20.6,20.92,20.48,21,20.42,20.11,20.22,20.35,20.33,20.9,20.74,20.68,20.47,20.29,20.69
20.35,20.22,20.99,20.68,20.02,20.07,20.73,20.83,20.27,20.04,22.22,22.57,23.28,22.32,24.31,23.72,23.5,21.69,22.51
22.15,20.09,22.42,21.76,24.46,21.33,22.8,20.99,22.65,21.43,21.06,24.95,23.98,24.42,22.34,24.68,22.6,21.19,21.18
20.43,23.37,23.63,23.65,22.32,24.9,22.75,20.51,22.32,20.86,23.39,20.79,20.92,23.39,22.07,22.21,22.36,22.08
21.95,22.92,23.29,23.17,20.54,20.78,22.15,21.6,24.46,21.4,21.77,20.72,24.39,21.77,20.5,20.17,22.39,20.21,24.49
22.53,24.23,22.14,22.86,24.49,20.24,23.56,23.57,21.49,21.54,21.46,23.52,20.1,20.64,21.22,20.53,20.73,20.24,23.91
21.97,23.9,23.38,23.16,21.06,24.91,22.27,20.41,20.35,23.95,23.27,21.54,24.73,24.42,23.34,24.75